{
 "cells": [
  {
   "cell_type": "code",
   "execution_count": 10,
   "metadata": {},
   "outputs": [],
   "source": [
    "import numpy as np\n",
    "import math\n",
    "import matplotlib.pyplot as plt"
   ]
  },
  {
   "cell_type": "markdown",
   "metadata": {},
   "source": [
    "# Class 1"
   ]
  },
  {
   "cell_type": "code",
   "execution_count": null,
   "metadata": {},
   "outputs": [],
   "source": []
  },
  {
   "cell_type": "markdown",
   "metadata": {},
   "source": [
    "# Class 2"
   ]
  },
  {
   "cell_type": "code",
   "execution_count": 7,
   "metadata": {
    "scrolled": false
   },
   "outputs": [
    {
     "name": "stdout",
     "output_type": "stream",
     "text": [
      "B:\n",
      " [[ 2.  -0.5  0.   0.   0.   0.   0.   0.   0.  -0.5]\n",
      " [-0.5  2.  -0.5  0.   0.   0.   0.   0.   0.   0. ]\n",
      " [ 0.  -0.5  2.  -0.5  0.   0.   0.   0.   0.   0. ]\n",
      " [ 0.   0.  -0.5  2.  -0.5  0.   0.   0.   0.   0. ]\n",
      " [ 0.   0.   0.  -0.5  2.  -0.5  0.   0.   0.   0. ]\n",
      " [ 0.   0.   0.   0.  -0.5  2.  -0.5  0.   0.   0. ]\n",
      " [ 0.   0.   0.   0.   0.  -0.5  2.  -0.5  0.   0. ]\n",
      " [ 0.   0.   0.   0.   0.   0.  -0.5  2.  -0.5  0. ]\n",
      " [ 0.   0.   0.   0.   0.   0.   0.  -0.5  2.  -0.5]\n",
      " [-0.5  0.   0.   0.   0.   0.   0.   0.  -0.5  2. ]]\n",
      "D:\n",
      " [[0.  0.5 0.  0.  0.  0.  0.  0.  0.  0.5]\n",
      " [0.5 0.  0.5 0.  0.  0.  0.  0.  0.  0. ]\n",
      " [0.  0.5 0.  0.5 0.  0.  0.  0.  0.  0. ]\n",
      " [0.  0.  0.5 0.  0.5 0.  0.  0.  0.  0. ]\n",
      " [0.  0.  0.  0.5 0.  0.5 0.  0.  0.  0. ]\n",
      " [0.  0.  0.  0.  0.5 0.  0.5 0.  0.  0. ]\n",
      " [0.  0.  0.  0.  0.  0.5 0.  0.5 0.  0. ]\n",
      " [0.  0.  0.  0.  0.  0.  0.5 0.  0.5 0. ]\n",
      " [0.  0.  0.  0.  0.  0.  0.  0.5 0.  0.5]\n",
      " [0.5 0.  0.  0.  0.  0.  0.  0.  0.5 0. ]]\n"
     ]
    }
   ],
   "source": [
    "lam = 1\n",
    "n = 10\n",
    "B = np.zeros((n, n))\n",
    "\n",
    "for i in range(n):\n",
    "    for j in range(n):\n",
    "        if i == 0 and j == n-1:\n",
    "            B[i][j] = (-0.5)*lam\n",
    "        elif i == n-1 and j == 0:\n",
    "            B[i][j] = (-0.5)*lam\n",
    "        elif i == j:\n",
    "            B[i][j] = 1 + lam\n",
    "        elif i == j-1:\n",
    "            B[i][j] = (-0.5)*lam\n",
    "        elif i-1 == j:\n",
    "            B[i][j] = (-0.5)*lam\n",
    "            \n",
    "print(\"B:\\n\", B)\n",
    "\n",
    "D = np.zeros((n, n))\n",
    "\n",
    "for i in range(n):\n",
    "    for j in range(n):\n",
    "        if i == 0 and j == n-1:\n",
    "            D[i][j] = (0.5)*lam\n",
    "        elif i == n-1 and j == 0:\n",
    "            D[i][j] = (0.5)*lam\n",
    "        elif i == j:\n",
    "            D[i][j] = 1 - lam\n",
    "        elif i == j-1:\n",
    "            D[i][j] = (0.5)*lam\n",
    "        elif i-1 == j:\n",
    "            D[i][j] = (0.5)*lam\n",
    "            \n",
    "print(\"D:\\n\", D)"
   ]
  },
  {
   "cell_type": "code",
   "execution_count": 11,
   "metadata": {
    "scrolled": true
   },
   "outputs": [
    {
     "name": "stdout",
     "output_type": "stream",
     "text": [
      "ans:\n",
      " [[0.  0.5 0.  0.  0.  0.  0.  0.  0.  0.5]\n",
      " [0.5 0.  0.5 0.  0.  0.  0.  0.  0.  0. ]\n",
      " [0.  0.5 0.  0.5 0.  0.  0.  0.  0.  0. ]\n",
      " [0.  0.  0.5 0.  0.5 0.  0.  0.  0.  0. ]\n",
      " [0.  0.  0.  0.5 0.  0.5 0.  0.  0.  0. ]\n",
      " [0.  0.  0.  0.  0.5 0.  0.5 0.  0.  0. ]\n",
      " [0.  0.  0.  0.  0.  0.5 0.  0.5 0.  0. ]\n",
      " [0.  0.  0.  0.  0.  0.  0.5 0.  0.5 0. ]\n",
      " [0.  0.  0.  0.  0.  0.  0.  0.5 0.  0.5]\n",
      " [0.5 0.  0.  0.  0.  0.  0.  0.  0.5 0. ]]\n",
      "ans1:\n",
      " [[ 2.  -0.5  0.   0.   0.   0.   0.   0.   0.  -0.5]\n",
      " [-0.5  2.  -0.5  0.   0.   0.   0.   0.   0.   0. ]\n",
      " [ 0.  -0.5  2.  -0.5  0.   0.   0.   0.   0.   0. ]\n",
      " [ 0.   0.  -0.5  2.  -0.5  0.   0.   0.   0.   0. ]\n",
      " [ 0.   0.   0.  -0.5  2.  -0.5  0.   0.   0.   0. ]\n",
      " [ 0.   0.   0.   0.  -0.5  2.  -0.5  0.   0.   0. ]\n",
      " [ 0.   0.   0.   0.   0.  -0.5  2.  -0.5  0.   0. ]\n",
      " [ 0.   0.   0.   0.   0.   0.  -0.5  2.  -0.5  0. ]\n",
      " [ 0.   0.   0.   0.   0.   0.   0.  -0.5  2.  -0.5]\n",
      " [-0.5  0.   0.   0.   0.   0.   0.   0.  -0.5  2. ]]\n",
      "x:\n",
      " [[0.15470494 0.30940989 0.08293461 0.02232855 0.00637959 0.00318979\n",
      "  0.00637959 0.02232855 0.08293461 0.30940989]\n",
      " [0.30940989 0.15470494 0.30940989 0.08293461 0.02232855 0.00637959\n",
      "  0.00318979 0.00637959 0.02232855 0.08293461]\n",
      " [0.08293461 0.30940989 0.15470494 0.30940989 0.08293461 0.02232855\n",
      "  0.00637959 0.00318979 0.00637959 0.02232855]\n",
      " [0.02232855 0.08293461 0.30940989 0.15470494 0.30940989 0.08293461\n",
      "  0.02232855 0.00637959 0.00318979 0.00637959]\n",
      " [0.00637959 0.02232855 0.08293461 0.30940989 0.15470494 0.30940989\n",
      "  0.08293461 0.02232855 0.00637959 0.00318979]\n",
      " [0.00318979 0.00637959 0.02232855 0.08293461 0.30940989 0.15470494\n",
      "  0.30940989 0.08293461 0.02232855 0.00637959]\n",
      " [0.00637959 0.00318979 0.00637959 0.02232855 0.08293461 0.30940989\n",
      "  0.15470494 0.30940989 0.08293461 0.02232855]\n",
      " [0.02232855 0.00637959 0.00318979 0.00637959 0.02232855 0.08293461\n",
      "  0.30940989 0.15470494 0.30940989 0.08293461]\n",
      " [0.08293461 0.02232855 0.00637959 0.00318979 0.00637959 0.02232855\n",
      "  0.08293461 0.30940989 0.15470494 0.30940989]\n",
      " [0.30940989 0.08293461 0.02232855 0.00637959 0.00318979 0.00637959\n",
      "  0.02232855 0.08293461 0.30940989 0.15470494]]\n"
     ]
    }
   ],
   "source": [
    "u1 = np.eye(n)\n",
    "u = np.eye(n)\n",
    "\n",
    "x = B @ u1\n",
    "y = D @ u\n",
    "\n",
    "print(\"x:\\n\", x)\n",
    "print(\"y:\\n\", y)\n",
    "\n",
    "x = np.linalg.solve(x, y)\n",
    "print(\"x:\\n\", x)"
   ]
  },
  {
   "cell_type": "markdown",
   "metadata": {},
   "source": [
    "# Class 3"
   ]
  },
  {
   "cell_type": "code",
   "execution_count": null,
   "metadata": {},
   "outputs": [],
   "source": []
  },
  {
   "cell_type": "markdown",
   "metadata": {},
   "source": [
    "# Class 4"
   ]
  },
  {
   "cell_type": "code",
   "execution_count": null,
   "metadata": {},
   "outputs": [],
   "source": []
  },
  {
   "cell_type": "code",
   "execution_count": null,
   "metadata": {},
   "outputs": [],
   "source": []
  }
 ],
 "metadata": {
  "kernelspec": {
   "display_name": "Python 3 (ipykernel)",
   "language": "python",
   "name": "python3"
  },
  "language_info": {
   "codemirror_mode": {
    "name": "ipython",
    "version": 3
   },
   "file_extension": ".py",
   "mimetype": "text/x-python",
   "name": "python",
   "nbconvert_exporter": "python",
   "pygments_lexer": "ipython3",
   "version": "3.9.7"
  }
 },
 "nbformat": 4,
 "nbformat_minor": 4
}
